1451566800000.00,26,20,67,1016,6,8,0
1451653200000.00,26,20,72,1016,5,5,0
1451739600000.00,26,21,73,1015,5,5,0
1451826000000.00,26,20,70,1015,5,3,0
1451912400000.00,26,20,72,1014,5,3,0
1451998800000.00,25,19,66,1014,5,5,0
1452085200000.00,25,19,67,1015,6,5,0
1452171600000.00,26,19,67,1015,5,5,0
1452258000000.00,25,19,69,1013,5,3,0
1452344400000.00,24,18,66,1014,6,3,0
1452430800000.00,24,18,66,1015,6,3,0
1452517200000.00,24,18,67,1013,5,3,0
1452603600000.00,24,18,67,1013,5,5,0
1452690000000.00,24,18,65,1013,4,5,0
1452776400000.00,24,18,64,1012,6,3,0
1452862800000.00,24,18,65,1011,6,3,0
1452949200000.00,24,18,68,1011,6,3,0
1453035600000.00,26,20,68,1011,6,5,0
1453122000000.00,26,21,68,1010,6,5,0
1453208400000.00,27,22,72,1011,5,5,0
1453294800000.00,27,22,69,1012,5,5,0
1453381200000.00,26,23,77,1013,4,6,0
1453467600000.00,27,22,75,1014,5,11,0
1453554000000.00,27,22,73,1014,5,14,0
1453640400000.00,26,21,70,1013,5,5,0
1453726800000.00,26,21,71,1013,5,5,0
1453813200000.00,26,20,68,1013,5,3,0
1453899600000.00,26,21,71,1013,5,3,0
1453986000000.00,27,21,72,1014,5,3,0
1454072400000.00,26,21,73,1013,5,3,0
1454158800000.00,27,21,71,1013,5,3,0
1454245200000.00,26,20,71,1013,5,3,0
1454331600000.00,26,19,69,1013,5,3,0
1454418000000.00,27,20,71,1013,5,2,0
1454504400000.00,26,21,71,1013,5,3,0
1454590800000.00,27,21,69,1012,5,5,0
1454677200000.00,26,21,73,1011,5,5,0
1454763600000.00,27,22,68,1013,5,6,0
1454850000000.00,27,21,71,1012,5,6,0
1454936400000.00,27,21,74,1012,5,3,0
1455022800000.00,27,21,70,1011,5,5,0
1455109200000.00,27,19,64,1011,6,6,0
1455195600000.00,27,21,70,1011,6,5,0
1455282000000.00,27,22,72,1011,5,5,0
1455368400000.00,26,21,72,1012,5,5,0
1455454800000.00,26,21,72,1013,5,5,0
1455541200000.00,27,22,72,1013,5,5,0
1455627600000.00,28,22,71,1013,5,6,0
1455714000000.00,28,22,69,1013,6,6,0
1455800400000.00,27,22,74,1014,6,5,0
1455886800000.00,28,23,75,1014,5,5,0
1455973200000.00,28,23,75,1012,5,6,0
1456059600000.00,28,23,73,1013,6,6,0
1456146000000.00,27,21,67,1012,6,6,0
1456232400000.00,27,21,65,1011,7,10,0
1456318800000.00,28,23,72,1012,6,10,0
1456405200000.00,28,23,71,1013,6,11,0
1456491600000.00,28,23,73,1014,6,8,0
1456578000000.00,29,23,73,1015,7,11,0
1456664400000.00,28,23,71,1015,6,6,0
1456750800000.00,28,23,70,1013,6,6,0
1456837200000.00,28,23,70,1013,6,6,0
1456923600000.00,28,22,65,1014,6,6,0
1457010000000.00,28,22,70,1012,6,5,0
1457096400000.00,28,22,70,1011,6,6,0
1457182800000.00,28,22,69,1011,5,6,0
1457269200000.00,28,22,66,1011,5,5,0
1457355600000.00,28,22,64,1010,5,3,0
1457442000000.00,28,22,68,1010,5,5,0
1457528400000.00,29,23,68,1011,6,5,0
1457614800000.00,28,24,70,1011,6,5,0
1457701200000.00,29,24,71,1011,6,5,0
1457787600000.00,29,24,72,1010,6,10,0
1457874000000.00,29,24,71,1011,6,8,0
1457960400000.00,29,23,69,1011,6,6,0
1458046800000.00,29,24,72,1010,6,6,0
1458133200000.00,29,24,74,1010,6,6,0
1458219600000.00,29,23,69,1010,6,5,0
1458306000000.00,29,22,66,1010,6,5,0
1458392400000.00,31,24,69,1010,7,8,0
1458478800000.00,31,23,64,1009,6,8,0
1458565200000.00,32,24,67,1007,6,11,0
1458651600000.00,31,26,73,1008,6,11,0
1458738000000.00,30,25,73,1011,6,10,0
1458824400000.00,29,24,71,1012,6,8,0
1458910800000.00,29,23,69,1012,6,8,0
1458997200000.00,28,22,66,1011,6,8,0
1459083600000.00,28,23,69,1012,6,6,0
1459170000000.00,30,25,72,1012,6,6,0
1459256400000.00,30,24,70,1011,7,10,0
1459342800000.00,30,24,71,1010,7,11,0
1459429200000.00,30,24,70,1009,6,10,0
1459515600000.00,30,24,71,1009,6,6,0
1459602000000.00,31,24,71,1010,7,8,0
1459692000000.00,31,24,70,1009,7,8,0
1459778400000.00,31,24,67,1008,7,10,0
1459864800000.00,30,25,73,1009,7,8,0
1459951200000.00,31,26,74,1009,6,10,0
1460037600000.00,31,26,72,1009,7,10,0
1460124000000.00,30,24,69,1009,7,8,0
1460210400000.00,30,24,70,1010,7,6,0
1460296800000.00,30,24,71,1009,6,6,0
1460383200000.00,31,26,74,1007,6,8,0
1460469600000.00,33,26,71,1005,6,11,0
1460556000000.00,33,26,69,1006,6,14,0
1460642400000.00,32,26,70,1008,6,13,0
1460728800000.00,32,26,70,1007,7,10,0
1460815200000.00,32,26,71,1007,7,13,0
1460901600000.00,31,26,71,1007,7,11,0
1460988000000.00,31,25,70,1008,7,11,0
1461074400000.00,31,25,69,1009,7,8,0
1461160800000.00,33,26,69,1008,7,14,0
1461247200000.00,34,26,64,1006,7,14,0
1461333600000.00,34,26,62,1004,6,14,0
1461420000000.00,33,27,68,1003,6,16,0
1461506400000.00,33,25,64,1005,7,19,0
1461592800000.00,32,26,69,1008,6,13,0
1461679200000.00,31,26,71,1007,7,10,0
1461765600000.00,32,25,68,1007,6,11,0
1461852000000.00,32,26,69,1007,7,11,0
1461938400000.00,32,26,70,1008,6,10,0
1462024800000.00,33,24,66,1007,7,13,0
1462111200000.00,32,24,66,1007,7,13,0
1462197600000.00,33,26,68,1006,7,13,0
1462284000000.00,33,26,68,1007,7,10,0
1462370400000.00,32,26,69,1008,7,8,0
1462456800000.00,32,25,67,1008,6,10,0
1462543200000.00,32,25,66,1007,6,11,0
1462629600000.00,32,25,67,1008,7,10,0
1462716000000.00,32,26,68,1008,6,6,0
1462802400000.00,32,26,68,1008,7,8,0
1462888800000.00,32,26,69,1007,6,6,0
1462975200000.00,32,24,62,1005,6,11,0
1463061600000.00,32,25,65,1005,7,11,0
1463148000000.00,32,25,67,1006,7,10,0
1463234400000.00,32,25,65,1007,8,6,0
1463320800000.00,30,26,73,1004,5,10,24.89
1463407200000.00,25,25,94,1001,3,10,0
1463493600000.00,25,25,94,998,3,16,55.12
1463580000000.00,28,23,73,1000,5,14,0
1463666400000.00,31,23,65,1001,7,14,0
1463752800000.00,33,24,63,1003,6,10,0
1463839200000.00,33,24,58,1004,7,11,0
1463925600000.00,33,24,59,1004,7,13,0
1464012000000.00,33,24,59,1004,7,13,0
1464098400000.00,34,24,57,1003,7,14,0
1464184800000.00,34,24,57,1003,6,11,0
1464271200000.00,33,26,66,1005,6,13,0
1464357600000.00,33,23,57,1005,7,14,0
1464444000000.00,32,23,56,1004,7,11,0
1464530400000.00,33,24,62,1004,7,11,0
1464616800000.00,32,24,62,1005,7,11,0
1464703200000.00,33,24,60,1005,6,11,0
1464789600000.00,32,24,63,1005,6,10,0
1464876000000.00,33,25,67,1004,6,10,0
1464962400000.00,31,24,67,1004,7,11,0
1465048800000.00,32,24,67,1004,6,8,0
1465135200000.00,31,25,69,1004,6,8,29.97
1465221600000.00,29,25,78,1005,5,11,4.06
1465308000000.00,29,26,82,1004,5,5,7.11
1465394400000.00,31,25,71,1005,7,10,0
1465480800000.00,32,25,67,1005,7,10,0
1465567200000.00,32,24,60,1005,7,11,0
1465653600000.00,32,23,59,1005,7,13,0
1465740000000.00,33,23,56,1005,7,13,0
1465826400000.00,33,22,51,1004,7,13,0
1465912800000.00,33,21,48,1003,7,14,0
1465999200000.00,32,22,54,1002,7,13,0
1466085600000.00,32,23,58,1001,7,11,0
1466172000000.00,31,23,61,1002,6,10,0
1466258400000.00,31,24,67,1002,6,11,0
1466344800000.00,29,24,73,1003,6,10,0
1466431200000.00,30,24,74,1003,7,6,0
1466517600000.00,29,24,74,1004,6,10,0
1466604000000.00,28,24,75,1004,6,14,0
1466690400000.00,30,23,62,1003,6,11,0
1466776800000.00,28,23,70,1004,6,13,0.25
1466863200000.00,28,23,74,1004,5,13,17.02
1466949600000.00,28,24,76,1002,6,8,0
1467036000000.00,29,24,77,1003,5,6,27.94
1467122400000.00,27,24,82,1003,5,10,3.05
1467208800000.00,29,23,66,1003,6,13,0
1467295200000.00,31,23,61,1002,7,13,0
1467381600000.00,32,23,61,1003,6,16,0.51
1467468000000.00,31,23,64,1004,6,8,0
1467554400000.00,31,24,65,1004,7,10,0
1467640800000.00,31,24,66,1004,6,6,0
1467727200000.00,31,24,67,1004,6,11,17.02
1467813600000.00,29,24,73,1004,6,6,5.08
1467900000000.00,29,23,66,1003,6,11,0
1467986400000.00,31,22,55,1003,7,16,0
1468072800000.00,31,22,53,1002,7,14,0
1468159200000.00,32,21,49,1002,7,16,0
1468245600000.00,32,21,48,1003,6,18,0
1468332000000.00,32,22,57,1004,7,13,0
1468418400000.00,32,23,59,1003,6,11,0
1468504800000.00,31,24,66,1004,6,8,0
1468591200000.00,31,23,64,1006,7,13,0
1468677600000.00,30,24,72,1007,5,5,35.05
1468764000000.00,29,24,72,1007,6,11,0
1468850400000.00,28,24,78,1006,5,11,0
1468936800000.00,28,24,72,1005,6,6,0
1469023200000.00,28,23,68,1004,6,11,0
1469109600000.00,28,22,73,1003,5,18,0